# The humans responsible & technology colophon
# humanstxt.org


# TEAM

    James Fleeting -- Developer -- @fleetingftw

# THANKS

    To the internet!

# TECHNOLOGY COLOPHON

    HTML5, CSS3, jQuery, Modernizr, Drought
    YQL, git, Sublime Text 2



                                          1
                               0    00   101   11
                          1    001  111  101  000    1
                          001  1                1  001             1100000011
                     11   11                       10    1      1000000000000001
                     1001                              000    10000000000000000001
                      11                                1    0000000000000000000000
                 1001                                       00000000000000000000000000001
                   01                                  100000000000000000000000000000000000
                                                     1000000000000000000000000000000000000001
               000                                   0000000000000000000000000000000000000000
                11                                   11111111111111111111111111111111111111101

               SIMPLE                          1
               001           00 100000000     001   0000000000 101     00  00000000 100000001
                00          00  101          1000       00     101     00  00       101    001
                101   00   101  101          00 00      00      01     00  01       10      00
                 00  0000  00    00000001   00   01     00      000000000  00000001 101   100
                 101 0110  01    0111111   10011100     00      011111100  00111111 10 10001
                  0000  0000     01        001111100    00      01     00  01       101  00
                  1001  1001    100111111 00      101   00      01     00  00111111 101   000
                   10    00      00000001 01       10   00      01     10  00000000  0     100


